1 3
1 76
2 3
2 4
2 100
2 8
2 20
3 4
3 71
3 86
3 60
4 17
4 72
4 74
5 6
5 54
6 53
6 46
6 100
7 9
7 72
7 79
8 10
9 10
9 98
9 84
10 11
10 12
11 32
11 72
11 100
11 95
12 13
12 53
13 15
13 31
13 30
13 45
14 15
14 68
14 74
15 74
15 46
16 17
16 18
16 31
16 41
17 18
17 19
18 19
18 20
18 54
18 67
19 98
19 91
19 90
20 33
21 22
21 23
21 95
21 38
22 23
22 24
23 24
23 40
24 26
24 79
25 26
25 27
25 82
26 27
26 28
27 28
27 79
28 29
28 48
29 30
29 92
29 36
30 100
31 52
32 34
32 64
33 34
33 52
33 97
34 35
34 36
34 75
35 97
35 89
35 53
36 37
36 68
37 38
37 94
37 77
38 91
39 40
39 83
40 41
40 42
41 84
41 86
41 88
42 50
42 65
43 44
43 45
44 45
44 46
44 84
45 46
46 48
46 55
46 75
47 48
47 49
47 88
48 76
48 82
48 57
49 50
49 51
50 51
50 64
51 53
51 74
51 83
52 54
53 59
54 56
55 57
56 57
56 58
57 59
57 84
57 63
57 77
58 59
58 60
59 60
59 62
60 84
61 65
61 99
61 73
62 63
62 64
63 94
64 66
64 83
64 89
64 65
65 66
65 70
66 67
66 68
67 69
68 74
69 70
69 71
69 85
69 99
70 72
71 93
72 74
73 87
74 75
76 88
76 77
77 78
78 79
78 80
79 91
79 97
80 81
80 82
81 82
81 83
83 84
84 85
85 87
86 88
87 89
87 95
89 91
90 91
91 92
91 93
92 94
93 94
93 95
94 96
95 97
96 97
96 98
97 98
98 100
99 100
