1 2
2 4
2 36
3 4
4 6
5 6
6 8
7 8
8 10
9 10
10 12
11 12
12 14
13 14
14 16
15 16
16 18
17 18
18 20
19 20
20 22
21 22
22 24
23 24
24 26
25 26
26 28
27 28
28 30
29 30
30 32
31 32
32 34
33 34
34 36
35 36
36 72
36 1512
37 38
38 40
38 72
39 40
40 42
41 42
42 44
43 44
44 46
45 46
46 48
47 48
48 50
49 50
50 52
51 52
52 54
53 54
54 56
55 56
56 58
57 58
58 60
59 60
60 62
61 62
62 64
63 64
64 66
65 66
66 68
67 68
68 70
69 70
70 72
71 72
72 108
73 74
74 76
74 108
75 76
76 78
77 78
78 80
79 80
80 82
81 82
82 84
83 84
84 86
85 86
86 88
87 88
88 90
89 90
90 92
91 92
92 94
93 94
94 96
95 96
96 98
97 98
98 100
99 100
100 102
101 102
102 104
103 104
104 106
105 106
106 108
107 108
108 144
109 110
110 112
110 144
111 112
112 114
113 114
114 116
115 116
116 118
117 118
118 120
119 120
120 122
121 122
122 124
123 124
124 126
125 126
126 128
127 128
128 130
129 130
130 132
131 132
132 134
133 134
134 136
135 136
136 138
137 138
138 140
139 140
140 142
141 142
142 144
143 144
144 180
145 146
146 148
146 180
147 148
148 150
149 150
150 152
151 152
152 154
153 154
154 156
155 156
156 158
157 158
158 160
159 160
160 162
161 162
162 164
163 164
164 166
165 166
166 168
167 168
168 170
169 170
170 172
171 172
172 174
173 174
174 176
175 176
176 178
177 178
178 180
179 180
180 234
181 182
181 183
182 183
183 186
183 234
184 185
184 186
185 186
186 189
187 188
187 189
188 189
189 192
190 191
190 192
191 192
192 195
193 194
193 195
194 195
195 198
196 197
196 198
197 198
198 201
199 200
199 201
200 201
201 204
202 203
202 204
203 204
204 207
205 206
205 207
206 207
207 210
208 209
208 210
209 210
210 213
211 212
211 213
212 213
213 216
214 215
214 216
215 216
216 219
217 218
217 219
218 219
219 222
220 221
220 222
221 222
222 225
223 224
223 225
224 225
225 228
226 227
226 228
227 228
228 231
229 230
229 231
230 231
231 234
232 233
232 234
233 234
234 288
235 236
235 237
236 237
237 240
237 288
238 239
238 240
239 240
240 243
241 242
241 243
242 243
243 246
244 245
244 246
245 246
246 249
247 248
247 249
248 249
249 252
250 251
250 252
251 252
252 255
253 254
253 255
254 255
255 258
256 257
256 258
257 258
258 261
259 260
259 261
260 261
261 264
262 263
262 264
263 264
264 267
265 266
265 267
266 267
267 270
268 269
268 270
269 270
270 273
271 272
271 273
272 273
273 276
274 275
274 276
275 276
276 279
277 278
277 279
278 279
279 282
280 281
280 282
281 282
282 285
283 284
283 285
284 285
285 288
286 287
286 288
287 288
288 342
289 290
289 291
290 291
291 294
291 342
292 293
292 294
293 294
294 297
295 296
295 297
296 297
297 300
298 299
298 300
299 300
300 303
301 302
301 303
302 303
303 306
304 305
304 306
305 306
306 309
307 308
307 309
308 309
309 312
310 311
310 312
311 312
312 315
313 314
313 315
314 315
315 318
316 317
316 318
317 318
318 321
319 320
319 321
320 321
321 324
322 323
322 324
323 324
324 327
325 326
325 327
326 327
327 330
328 329
328 330
329 330
330 333
331 332
331 333
332 333
333 336
334 335
334 336
335 336
336 339
337 338
337 339
338 339
339 342
340 341
340 342
341 342
342 396
343 344
343 345
344 345
345 348
345 396
346 347
346 348
347 348
348 351
349 350
349 351
350 351
351 354
352 353
352 354
353 354
354 357
355 356
355 357
356 357
357 360
358 359
358 360
359 360
360 363
361 362
361 363
362 363
363 366
364 365
364 366
365 366
366 369
367 368
367 369
368 369
369 372
370 371
370 372
371 372
372 375
373 374
373 375
374 375
375 378
376 377
376 378
377 378
378 381
379 380
379 381
380 381
381 384
382 383
382 384
383 384
384 387
385 386
385 387
386 387
387 390
388 389
388 390
389 390
390 393
391 392
391 393
392 393
393 396
394 395
394 396
395 396
396 450
397 398
397 399
398 399
399 402
399 450
400 401
400 402
401 402
402 405
403 404
403 405
404 405
405 408
406 407
406 408
407 408
408 411
409 410
409 411
410 411
411 414
412 413
412 414
413 414
414 417
415 416
415 417
416 417
417 420
418 419
418 420
419 420
420 423
421 422
421 423
422 423
423 426
424 425
424 426
425 426
426 429
427 428
427 429
428 429
429 432
430 431
430 432
431 432
432 435
433 434
433 435
434 435
435 438
436 437
436 438
437 438
438 441
439 440
439 441
440 441
441 444
442 443
442 444
443 444
444 447
445 446
445 447
446 447
447 450
448 449
448 450
449 450
450 504
451 452
451 453
452 453
453 456
453 504
454 455
454 456
455 456
456 459
457 458
457 459
458 459
459 462
460 461
460 462
461 462
462 465
463 464
463 465
464 465
465 468
466 467
466 468
467 468
468 471
469 470
469 471
470 471
471 474
472 473
472 474
473 474
474 477
475 476
475 477
476 477
477 480
478 479
478 480
479 480
480 483
481 482
481 483
482 483
483 486
484 485
484 486
485 486
486 489
487 488
487 489
488 489
489 492
490 491
490 492
491 492
492 495
493 494
493 495
494 495
495 498
496 497
496 498
497 498
498 501
499 500
499 501
500 501
501 504
502 503
502 504
503 504
504 558
505 506
505 507
506 507
507 510
507 558
508 509
508 510
509 510
510 513
511 512
511 513
512 513
513 516
514 515
514 516
515 516
516 519
517 518
517 519
518 519
519 522
520 521
520 522
521 522
522 525
523 524
523 525
524 525
525 528
526 527
526 528
527 528
528 531
529 530
529 531
530 531
531 534
532 533
532 534
533 534
534 537
535 536
535 537
536 537
537 540
538 539
538 540
539 540
540 543
541 542
541 543
542 543
543 546
544 545
544 546
545 546
546 549
547 548
547 549
548 549
549 552
550 551
550 552
551 552
552 555
553 554
553 555
554 555
555 558
556 557
556 558
557 558
558 612
559 560
559 561
560 561
561 564
561 612
562 563
562 564
563 564
564 567
565 566
565 567
566 567
567 570
568 569
568 570
569 570
570 573
571 572
571 573
572 573
573 576
574 575
574 576
575 576
576 579
577 578
577 579
578 579
579 582
580 581
580 582
581 582
582 585
583 584
583 585
584 585
585 588
586 587
586 588
587 588
588 591
589 590
589 591
590 591
591 594
592 593
592 594
593 594
594 597
595 596
595 597
596 597
597 600
598 599
598 600
599 600
600 603
601 602
601 603
602 603
603 606
604 605
604 606
605 606
606 609
607 608
607 609
608 609
609 612
610 611
610 612
611 612
612 666
613 614
613 615
614 615
615 618
615 666
616 617
616 618
617 618
618 621
619 620
619 621
620 621
621 624
622 623
622 624
623 624
624 627
625 626
625 627
626 627
627 630
628 629
628 630
629 630
630 633
631 632
631 633
632 633
633 636
634 635
634 636
635 636
636 639
637 638
637 639
638 639
639 642
640 641
640 642
641 642
642 645
643 644
643 645
644 645
645 648
646 647
646 648
647 648
648 651
649 650
649 651
650 651
651 654
652 653
652 654
653 654
654 657
655 656
655 657
656 657
657 660
658 659
658 660
659 660
660 663
661 662
661 663
662 663
663 666
664 665
664 666
665 666
666 720
667 668
667 669
668 669
669 672
669 720
670 671
670 672
671 672
672 675
673 674
673 675
674 675
675 678
676 677
676 678
677 678
678 681
679 680
679 681
680 681
681 684
682 683
682 684
683 684
684 687
685 686
685 687
686 687
687 690
688 689
688 690
689 690
690 693
691 692
691 693
692 693
693 696
694 695
694 696
695 696
696 699
697 698
697 699
698 699
699 702
700 701
700 702
701 702
702 705
703 704
703 705
704 705
705 708
706 707
706 708
707 708
708 711
709 710
709 711
710 711
711 714
712 713
712 714
713 714
714 717
715 716
715 717
716 717
717 720
718 719
718 720
719 720
720 774
721 722
721 723
722 723
723 726
723 774
724 725
724 726
725 726
726 729
727 728
727 729
728 729
729 732
730 731
730 732
731 732
732 735
733 734
733 735
734 735
735 738
736 737
736 738
737 738
738 741
739 740
739 741
740 741
741 744
742 743
742 744
743 744
744 747
745 746
745 747
746 747
747 750
748 749
748 750
749 750
750 753
751 752
751 753
752 753
753 756
754 755
754 756
755 756
756 759
757 758
757 759
758 759
759 762
760 761
760 762
761 762
762 765
763 764
763 765
764 765
765 768
766 767
766 768
767 768
768 771
769 770
769 771
770 771
771 774
772 773
772 774
773 774
774 828
775 776
775 777
776 777
777 780
777 828
778 779
778 780
779 780
780 783
781 782
781 783
782 783
783 786
784 785
784 786
785 786
786 789
787 788
787 789
788 789
789 792
790 791
790 792
791 792
792 795
793 794
793 795
794 795
795 798
796 797
796 798
797 798
798 801
799 800
799 801
800 801
801 804
802 803
802 804
803 804
804 807
805 806
805 807
806 807
807 810
808 809
808 810
809 810
810 813
811 812
811 813
812 813
813 816
814 815
814 816
815 816
816 819
817 818
817 819
818 819
819 822
820 821
820 822
821 822
822 825
823 824
823 825
824 825
825 828
826 827
826 828
827 828
828 882
829 830
829 831
830 831
831 834
831 882
832 833
832 834
833 834
834 837
835 836
835 837
836 837
837 840
838 839
838 840
839 840
840 843
841 842
841 843
842 843
843 846
844 845
844 846
845 846
846 849
847 848
847 849
848 849
849 852
850 851
850 852
851 852
852 855
853 854
853 855
854 855
855 858
856 857
856 858
857 858
858 861
859 860
859 861
860 861
861 864
862 863
862 864
863 864
864 867
865 866
865 867
866 867
867 870
868 869
868 870
869 870
870 873
871 872
871 873
872 873
873 876
874 875
874 876
875 876
876 879
877 878
877 879
878 879
879 882
880 881
880 882
881 882
882 972
883 887
883 886
883 885
884 887
884 886
884 885
885 887
885 886
886 887
887 892
887 972
888 892
888 891
888 890
889 892
889 891
889 890
890 892
890 891
891 892
892 897
893 897
893 896
893 895
894 897
894 896
894 895
895 897
895 896
896 897
897 902
898 902
898 901
898 900
899 902
899 901
899 900
900 902
900 901
901 902
902 907
903 907
903 906
903 905
904 907
904 906
904 905
905 907
905 906
906 907
907 912
908 912
908 911
908 910
909 912
909 911
909 910
910 912
910 911
911 912
912 917
913 917
913 916
913 915
914 917
914 916
914 915
915 917
915 916
916 917
917 922
918 922
918 921
918 920
919 922
919 921
919 920
920 922
920 921
921 922
922 927
923 927
923 926
923 925
924 927
924 926
924 925
925 927
925 926
926 927
927 932
928 932
928 931
928 930
929 932
929 931
929 930
930 932
930 931
931 932
932 937
933 937
933 936
933 935
934 937
934 936
934 935
935 937
935 936
936 937
937 942
938 942
938 941
938 940
939 942
939 941
939 940
940 942
940 941
941 942
942 947
943 947
943 946
943 945
944 947
944 946
944 945
945 947
945 946
946 947
947 952
948 952
948 951
948 950
949 952
949 951
949 950
950 952
950 951
951 952
952 957
953 957
953 956
953 955
954 957
954 956
954 955
955 957
955 956
956 957
957 962
958 962
958 961
958 960
959 962
959 961
959 960
960 962
960 961
961 962
962 967
963 967
963 966
963 965
964 967
964 966
964 965
965 967
965 966
966 967
967 972
968 972
968 971
968 970
969 972
969 971
969 970
970 972
970 971
971 972
972 1062
973 977
973 976
973 975
974 977
974 976
974 975
975 977
975 976
976 977
977 982
977 1062
978 982
978 981
978 980
979 982
979 981
979 980
980 982
980 981
981 982
982 987
983 987
983 986
983 985
984 987
984 986
984 985
985 987
985 986
986 987
987 992
988 992
988 991
988 990
989 992
989 991
989 990
990 992
990 991
991 992
992 997
993 997
993 996
993 995
994 997
994 996
994 995
995 997
995 996
996 997
997 1002
998 1002
998 1001
998 1000
999 1002
999 1001
999 1000
1000 1002
1000 1001
1001 1002
1002 1007
1003 1007
1003 1006
1003 1005
1004 1007
1004 1006
1004 1005
1005 1007
1005 1006
1006 1007
1007 1012
1008 1012
1008 1011
1008 1010
1009 1012
1009 1011
1009 1010
1010 1012
1010 1011
1011 1012
1012 1017
1013 1017
1013 1016
1013 1015
1014 1017
1014 1016
1014 1015
1015 1017
1015 1016
1016 1017
1017 1022
1018 1022
1018 1021
1018 1020
1019 1022
1019 1021
1019 1020
1020 1022
1020 1021
1021 1022
1022 1027
1023 1027
1023 1026
1023 1025
1024 1027
1024 1026
1024 1025
1025 1027
1025 1026
1026 1027
1027 1032
1028 1032
1028 1031
1028 1030
1029 1032
1029 1031
1029 1030
1030 1032
1030 1031
1031 1032
1032 1037
1033 1037
1033 1036
1033 1035
1034 1037
1034 1036
1034 1035
1035 1037
1035 1036
1036 1037
1037 1042
1038 1042
1038 1041
1038 1040
1039 1042
1039 1041
1039 1040
1040 1042
1040 1041
1041 1042
1042 1047
1043 1047
1043 1046
1043 1045
1044 1047
1044 1046
1044 1045
1045 1047
1045 1046
1046 1047
1047 1052
1048 1052
1048 1051
1048 1050
1049 1052
1049 1051
1049 1050
1050 1052
1050 1051
1051 1052
1052 1057
1053 1057
1053 1056
1053 1055
1054 1057
1054 1056
1054 1055
1055 1057
1055 1056
1056 1057
1057 1062
1058 1062
1058 1061
1058 1060
1059 1062
1059 1061
1059 1060
1060 1062
1060 1061
1061 1062
1062 1152
1063 1067
1063 1066
1063 1065
1064 1067
1064 1066
1064 1065
1065 1067
1065 1066
1066 1067
1067 1072
1067 1152
1068 1072
1068 1071
1068 1070
1069 1072
1069 1071
1069 1070
1070 1072
1070 1071
1071 1072
1072 1077
1073 1077
1073 1076
1073 1075
1074 1077
1074 1076
1074 1075
1075 1077
1075 1076
1076 1077
1077 1082
1078 1082
1078 1081
1078 1080
1079 1082
1079 1081
1079 1080
1080 1082
1080 1081
1081 1082
1082 1087
1083 1087
1083 1086
1083 1085
1084 1087
1084 1086
1084 1085
1085 1087
1085 1086
1086 1087
1087 1092
1088 1092
1088 1091
1088 1090
1089 1092
1089 1091
1089 1090
1090 1092
1090 1091
1091 1092
1092 1097
1093 1097
1093 1096
1093 1095
1094 1097
1094 1096
1094 1095
1095 1097
1095 1096
1096 1097
1097 1102
1098 1102
1098 1101
1098 1100
1099 1102
1099 1101
1099 1100
1100 1102
1100 1101
1101 1102
1102 1107
1103 1107
1103 1106
1103 1105
1104 1107
1104 1106
1104 1105
1105 1107
1105 1106
1106 1107
1107 1112
1108 1112
1108 1111
1108 1110
1109 1112
1109 1111
1109 1110
1110 1112
1110 1111
1111 1112
1112 1117
1113 1117
1113 1116
1113 1115
1114 1117
1114 1116
1114 1115
1115 1117
1115 1116
1116 1117
1117 1122
1118 1122
1118 1121
1118 1120
1119 1122
1119 1121
1119 1120
1120 1122
1120 1121
1121 1122
1122 1127
1123 1127
1123 1126
1123 1125
1124 1127
1124 1126
1124 1125
1125 1127
1125 1126
1126 1127
1127 1132
1128 1132
1128 1131
1128 1130
1129 1132
1129 1131
1129 1130
1130 1132
1130 1131
1131 1132
1132 1137
1133 1137
1133 1136
1133 1135
1134 1137
1134 1136
1134 1135
1135 1137
1135 1136
1136 1137
1137 1142
1138 1142
1138 1141
1138 1140
1139 1142
1139 1141
1139 1140
1140 1142
1140 1141
1141 1142
1142 1147
1143 1147
1143 1146
1143 1145
1144 1147
1144 1146
1144 1145
1145 1147
1145 1146
1146 1147
1147 1152
1148 1152
1148 1151
1148 1150
1149 1152
1149 1151
1149 1150
1150 1152
1150 1151
1151 1152
1152 1242
1153 1157
1153 1156
1153 1155
1154 1157
1154 1156
1154 1155
1155 1157
1155 1156
1156 1157
1157 1162
1157 1242
1158 1162
1158 1161
1158 1160
1159 1162
1159 1161
1159 1160
1160 1162
1160 1161
1161 1162
1162 1167
1163 1167
1163 1166
1163 1165
1164 1167
1164 1166
1164 1165
1165 1167
1165 1166
1166 1167
1167 1172
1168 1172
1168 1171
1168 1170
1169 1172
1169 1171
1169 1170
1170 1172
1170 1171
1171 1172
1172 1177
1173 1177
1173 1176
1173 1175
1174 1177
1174 1176
1174 1175
1175 1177
1175 1176
1176 1177
1177 1182
1178 1182
1178 1181
1178 1180
1179 1182
1179 1181
1179 1180
1180 1182
1180 1181
1181 1182
1182 1187
1183 1187
1183 1186
1183 1185
1184 1187
1184 1186
1184 1185
1185 1187
1185 1186
1186 1187
1187 1192
1188 1192
1188 1191
1188 1190
1189 1192
1189 1191
1189 1190
1190 1192
1190 1191
1191 1192
1192 1197
1193 1197
1193 1196
1193 1195
1194 1197
1194 1196
1194 1195
1195 1197
1195 1196
1196 1197
1197 1202
1198 1202
1198 1201
1198 1200
1199 1202
1199 1201
1199 1200
1200 1202
1200 1201
1201 1202
1202 1207
1203 1207
1203 1206
1203 1205
1204 1207
1204 1206
1204 1205
1205 1207
1205 1206
1206 1207
1207 1212
1208 1212
1208 1211
1208 1210
1209 1212
1209 1211
1209 1210
1210 1212
1210 1211
1211 1212
1212 1217
1213 1217
1213 1216
1213 1215
1214 1217
1214 1216
1214 1215
1215 1217
1215 1216
1216 1217
1217 1222
1218 1222
1218 1221
1218 1220
1219 1222
1219 1221
1219 1220
1220 1222
1220 1221
1221 1222
1222 1227
1223 1227
1223 1226
1223 1225
1224 1227
1224 1226
1224 1225
1225 1227
1225 1226
1226 1227
1227 1232
1228 1232
1228 1231
1228 1230
1229 1232
1229 1231
1229 1230
1230 1232
1230 1231
1231 1232
1232 1237
1233 1237
1233 1236
1233 1235
1234 1237
1234 1236
1234 1235
1235 1237
1235 1236
1236 1237
1237 1242
1238 1242
1238 1241
1238 1240
1239 1242
1239 1241
1239 1240
1240 1242
1240 1241
1241 1242
1242 1332
1243 1247
1243 1246
1243 1245
1244 1247
1244 1246
1244 1245
1245 1247
1245 1246
1246 1247
1247 1252
1247 1332
1248 1252
1248 1251
1248 1250
1249 1252
1249 1251
1249 1250
1250 1252
1250 1251
1251 1252
1252 1257
1253 1257
1253 1256
1253 1255
1254 1257
1254 1256
1254 1255
1255 1257
1255 1256
1256 1257
1257 1262
1258 1262
1258 1261
1258 1260
1259 1262
1259 1261
1259 1260
1260 1262
1260 1261
1261 1262
1262 1267
1263 1267
1263 1266
1263 1265
1264 1267
1264 1266
1264 1265
1265 1267
1265 1266
1266 1267
1267 1272
1268 1272
1268 1271
1268 1270
1269 1272
1269 1271
1269 1270
1270 1272
1270 1271
1271 1272
1272 1277
1273 1277
1273 1276
1273 1275
1274 1277
1274 1276
1274 1275
1275 1277
1275 1276
1276 1277
1277 1282
1278 1282
1278 1281
1278 1280
1279 1282
1279 1281
1279 1280
1280 1282
1280 1281
1281 1282
1282 1287
1283 1287
1283 1286
1283 1285
1284 1287
1284 1286
1284 1285
1285 1287
1285 1286
1286 1287
1287 1292
1288 1292
1288 1291
1288 1290
1289 1292
1289 1291
1289 1290
1290 1292
1290 1291
1291 1292
1292 1297
1293 1297
1293 1296
1293 1295
1294 1297
1294 1296
1294 1295
1295 1297
1295 1296
1296 1297
1297 1302
1298 1302
1298 1301
1298 1300
1299 1302
1299 1301
1299 1300
1300 1302
1300 1301
1301 1302
1302 1307
1303 1307
1303 1306
1303 1305
1304 1307
1304 1306
1304 1305
1305 1307
1305 1306
1306 1307
1307 1312
1308 1312
1308 1311
1308 1310
1309 1312
1309 1311
1309 1310
1310 1312
1310 1311
1311 1312
1312 1317
1313 1317
1313 1316
1313 1315
1314 1317
1314 1316
1314 1315
1315 1317
1315 1316
1316 1317
1317 1322
1318 1322
1318 1321
1318 1320
1319 1322
1319 1321
1319 1320
1320 1322
1320 1321
1321 1322
1322 1327
1323 1327
1323 1326
1323 1325
1324 1327
1324 1326
1324 1325
1325 1327
1325 1326
1326 1327
1327 1332
1328 1332
1328 1331
1328 1330
1329 1332
1329 1331
1329 1330
1330 1332
1330 1331
1331 1332
1332 1422
1333 1337
1333 1336
1333 1335
1334 1337
1334 1336
1334 1335
1335 1337
1335 1336
1336 1337
1337 1342
1337 1422
1338 1342
1338 1341
1338 1340
1339 1342
1339 1341
1339 1340
1340 1342
1340 1341
1341 1342
1342 1347
1343 1347
1343 1346
1343 1345
1344 1347
1344 1346
1344 1345
1345 1347
1345 1346
1346 1347
1347 1352
1348 1352
1348 1351
1348 1350
1349 1352
1349 1351
1349 1350
1350 1352
1350 1351
1351 1352
1352 1357
1353 1357
1353 1356
1353 1355
1354 1357
1354 1356
1354 1355
1355 1357
1355 1356
1356 1357
1357 1362
1358 1362
1358 1361
1358 1360
1359 1362
1359 1361
1359 1360
1360 1362
1360 1361
1361 1362
1362 1367
1363 1367
1363 1366
1363 1365
1364 1367
1364 1366
1364 1365
1365 1367
1365 1366
1366 1367
1367 1372
1368 1372
1368 1371
1368 1370
1369 1372
1369 1371
1369 1370
1370 1372
1370 1371
1371 1372
1372 1377
1373 1377
1373 1376
1373 1375
1374 1377
1374 1376
1374 1375
1375 1377
1375 1376
1376 1377
1377 1382
1378 1382
1378 1381
1378 1380
1379 1382
1379 1381
1379 1380
1380 1382
1380 1381
1381 1382
1382 1387
1383 1387
1383 1386
1383 1385
1384 1387
1384 1386
1384 1385
1385 1387
1385 1386
1386 1387
1387 1392
1388 1392
1388 1391
1388 1390
1389 1392
1389 1391
1389 1390
1390 1392
1390 1391
1391 1392
1392 1397
1393 1397
1393 1396
1393 1395
1394 1397
1394 1396
1394 1395
1395 1397
1395 1396
1396 1397
1397 1402
1398 1402
1398 1401
1398 1400
1399 1402
1399 1401
1399 1400
1400 1402
1400 1401
1401 1402
1402 1407
1403 1407
1403 1406
1403 1405
1404 1407
1404 1406
1404 1405
1405 1407
1405 1406
1406 1407
1407 1412
1408 1412
1408 1411
1408 1410
1409 1412
1409 1411
1409 1410
1410 1412
1410 1411
1411 1412
1412 1417
1413 1417
1413 1416
1413 1415
1414 1417
1414 1416
1414 1415
1415 1417
1415 1416
1416 1417
1417 1422
1418 1422
1418 1421
1418 1420
1419 1422
1419 1421
1419 1420
1420 1422
1420 1421
1421 1422
1422 1512
1423 1427
1423 1426
1423 1425
1424 1427
1424 1426
1424 1425
1425 1427
1425 1426
1426 1427
1427 1432
1427 1512
1428 1432
1428 1431
1428 1430
1429 1432
1429 1431
1429 1430
1430 1432
1430 1431
1431 1432
1432 1437
1433 1437
1433 1436
1433 1435
1434 1437
1434 1436
1434 1435
1435 1437
1435 1436
1436 1437
1437 1442
1438 1442
1438 1441
1438 1440
1439 1442
1439 1441
1439 1440
1440 1442
1440 1441
1441 1442
1442 1447
1443 1447
1443 1446
1443 1445
1444 1447
1444 1446
1444 1445
1445 1447
1445 1446
1446 1447
1447 1452
1448 1452
1448 1451
1448 1450
1449 1452
1449 1451
1449 1450
1450 1452
1450 1451
1451 1452
1452 1457
1453 1457
1453 1456
1453 1455
1454 1457
1454 1456
1454 1455
1455 1457
1455 1456
1456 1457
1457 1462
1458 1462
1458 1461
1458 1460
1459 1462
1459 1461
1459 1460
1460 1462
1460 1461
1461 1462
1462 1467
1463 1467
1463 1466
1463 1465
1464 1467
1464 1466
1464 1465
1465 1467
1465 1466
1466 1467
1467 1472
1468 1472
1468 1471
1468 1470
1469 1472
1469 1471
1469 1470
1470 1472
1470 1471
1471 1472
1472 1477
1473 1477
1473 1476
1473 1475
1474 1477
1474 1476
1474 1475
1475 1477
1475 1476
1476 1477
1477 1482
1478 1482
1478 1481
1478 1480
1479 1482
1479 1481
1479 1480
1480 1482
1480 1481
1481 1482
1482 1487
1483 1487
1483 1486
1483 1485
1484 1487
1484 1486
1484 1485
1485 1487
1485 1486
1486 1487
1487 1492
1488 1492
1488 1491
1488 1490
1489 1492
1489 1491
1489 1490
1490 1492
1490 1491
1491 1492
1492 1497
1493 1497
1493 1496
1493 1495
1494 1497
1494 1496
1494 1495
1495 1497
1495 1496
1496 1497
1497 1502
1498 1502
1498 1501
1498 1500
1499 1502
1499 1501
1499 1500
1500 1502
1500 1501
1501 1502
1502 1507
1503 1507
1503 1506
1503 1505
1504 1507
1504 1506
1504 1505
1505 1507
1505 1506
1506 1507
1507 1512
1508 1512
1508 1511
1508 1510
1509 1512
1509 1511
1509 1510
1510 1512
1510 1511
1511 1512
