1 3
1 4
1 48
1 5
1 36
1 7
1 30
1 35
1 23
2 3
2 4
2 50
2 6
2 7
2 47
2 24
2 19
3 4
3 6
3 50
3 49
3 8
3 48
3 47
3 11
3 46
4 5
4 7
4 8
4 9
4 49
4 34
4 17
4 47
4 19
5 6
5 8
5 10
5 30
5 15
5 13
6 9
6 11
6 19
6 40
6 44
6 22
6 23
6 37
7 10
7 11
7 43
7 50
7 19
7 39
7 14
7 46
8 9
8 10
8 13
8 26
8 41
8 46
8 32
8 29
8 17
9 10
9 14
9 41
9 38
9 36
9 43
10 11
10 13
10 14
10 15
10 40
10 16
10 18
10 24
11 12
11 13
11 15
11 16
11 37
11 26
11 41
11 49
12 14
12 15
12 16
12 47
12 30
13 14
13 15
13 16
13 17
13 18
13 35
13 26
14 15
14 22
14 37
14 47
14 35
15 16
15 17
15 20
15 33
15 41
16 18
16 20
16 22
16 47
16 46
16 33
17 18
17 19
17 20
17 34
17 27
17 24
18 22
18 28
18 43
18 20
19 23
19 50
19 31
19 30
20 21
20 24
20 33
20 42
20 22
21 22
21 23
21 24
21 25
21 40
22 23
22 24
22 45
22 47
22 34
23 25
23 26
23 37
23 49
24 26
24 37
24 47
24 44
24 40
25 28
25 29
25 30
25 46
25 32
25 36
25 33
25 42
26 29
26 31
26 41
26 30
27 29
27 30
27 31
27 32
27 44
27 45
28 29
28 30
28 31
28 32
28 33
29 31
29 33
29 34
29 48
29 38
30 31
30 33
30 44
31 32
31 34
31 36
31 44
31 45
32 34
32 37
32 47
33 34
33 36
33 40
33 49
33 47
33 50
34 37
34 39
34 46
34 41
35 37
35 40
35 44
35 43
35 36
36 41
36 45
36 37
37 40
37 48
37 45
38 39
38 40
38 41
38 42
38 43
39 40
39 41
39 42
39 43
39 44
40 44
40 45
40 48
41 44
41 46
41 42
42 44
42 45
42 43
42 48
42 46
43 44
43 45
43 46
43 47
43 50
44 45
44 49
45 48
45 49
46 47
46 48
47 50
48 49
48 50
49 50
