1 23
1 45
1 43
1 42
2 4
2 50
2 5
2 49
2 37
2 14
2 21
3 4
3 6
3 50
3 43
4 5
4 32
4 11
5 6
5 7
5 43
6 9
6 34
6 43
6 32
7 8
7 22
7 45
7 26
8 11
8 37
8 21
8 36
8 48
9 12
9 42
9 15
9 43
9 38
10 13
10 25
10 40
10 46
10 21
11 15
11 35
11 22
12 13
12 36
12 47
12 20
13 15
13 37
13 42
13 41
13 44
14 49
14 34
14 38
14 43
15 49
15 26
16 17
16 18
16 39
17 18
17 20
17 22
18 20
18 46
18 47
18 25
19 22
19 44
19 30
19 46
19 49
20 21
20 46
20 32
22 24
22 25
23 24
23 25
23 26
24 25
24 26
24 27
24 50
24 29
25 26
25 27
25 28
25 45
26 28
26 29
26 46
26 32
27 28
27 29
27 35
27 47
28 29
28 30
28 31
28 47
29 31
29 34
29 36
29 39
29 43
30 33
30 44
30 40
31 32
31 33
31 34
31 41
32 43
32 44
32 34
33 34
33 36
33 45
33 44
33 35
34 36
34 47
35 36
35 37
36 37
36 39
37 39
37 40
37 48
37 44
38 39
38 41
39 40
39 42
40 42
40 43
41 43
41 44
42 44
43 46
43 48
45 50
45 46
48 49
