1 2
1 3
1 12
1 33
2 3
2 15
2 47
3 44
3 14
3 18
3 20
3 16
4 24
4 7
4 34
5 6
5 7
5 9
6 7
6 8
6 46
6 41
7 9
8 19
8 44
8 13
8 37
9 10
10 35
10 15
10 19
10 45
11 18
11 25
12 22
12 42
13 18
13 39
13 23
13 31
14 16
15 17
15 48
16 35
16 47
16 49
17 18
17 26
17 37
17 22
18 19
18 40
18 32
19 47
20 23
21 23
21 25
21 40
22 46
22 33
23 24
24 25
24 26
25 26
25 38
25 41
26 50
26 36
27 46
27 28
27 49
27 38
28 41
28 47
28 50
29 46
29 48
30 31
30 32
31 38
32 33
33 48
34 35
34 36
35 36
35 44
35 41
36 37
36 38
37 43
38 40
39 41
40 42
41 45
42 43
43 44
43 46
44 46
47 48
48 50
